study_id	num_ASV	num_samples	density_percent
PRJNA268708	5248	286	4.1192
PRJEB41867	13010	218	1.7314
PRJNA269561	24915	78	2.7969
PRJNA427170	663	89	10.7699
PRJNA301903	341	124	2.9396
PRJDB8511	4399	114	4.8877
PRJNA318004	7750	408	1.6371
PRJNA450998	3458	220	2.5606
PRJNA548153	36391	3178	0.1589
PRJNA232731	4697	946	2.0509
PRJEB21196	2223	704	1.5387
PRJNA554535	2954	60	5.1828
PRJNA674880	2094	214	3.9557
PRJNA550519	4282	76	5.4272
PRJNA321731	2524	62	6.7245
PRJNA510730	19074	199	2.1157
PRJCA007396	7655	59	4.6926
PRJNA579996	1181	19	11.2215
PRJNA398279	1006	178	4.4302
PRJNA721421	3861	455	3.1286
PRJNA576314	3089	1699	0.9260
PRJNA478949	1802	48	5.1621
PRJNA297793	2409	72	10.6487
PRJEB8463	12586	793	1.5996
PRJEB14674	6887	340	1.9379
PRJNA592853	11645	100	1.6770
qiita_11851	3317	179	4.4430
PRJNA515272	2516	319	1.1221
PRJEB18780	5532	379	1.7739
PRJNA488351	3720	65	1.9810
PRJEB22028	3877	313	2.8351
PRJNA732664	8984	224	2.4699
PRJNA606262	18455	1156	0.3356
PRJNA556801	18746	113	1.8717
PRJNA414683	3719	134	5.8881
PRJNA625383	1557	25	8.2158
PRJNA685403	27846	133	1.2944
PRJNA480312	3279	178	2.8517
PRJNA231909	3206	691	2.4091
PRJEB36585	3094	130	7.3820
PRJNA527059	2981	65	4.4053
PRJEB29421	2121	25	8.9335
PRJEB31155	625	71	5.8321
PRJEB33905	14580	890	1.3662
PRJNA532645	7036	197	1.8533
PRJNA391159	8972	124	1.6400
PRJNA355138	2282	50	13.1805
PRJNA547591	11668	627	1.9154
PRJNA701368	1464	75	4.5355
PRJDB6472	4525	51	6.2710
PRJNA713358	5152	162	6.0380
PRJNA389481	2516	93	4.5878
PRJNA675753	791	53	5.9466
PRJNA331150	691	50	13.0304
PRJNA644763	25732	244	1.2596
PRJEB38835	5434	224	2.6623
PRJEB44538	2942	54	4.1840
PRJNA544370	5709	340	4.2401
PRJEB22970	5187	107	5.2770
qiita_2639	3122	207	4.4414
PRJNA533879	11835	131	2.5129
PRJNA396901	3898	113	4.7551
PRJNA762195	55607	97	1.6969
PRJNA354863	2589	62	4.0052
PRJNA445932	1887	174	4.5258
PRJNA246121	4519	84	3.8905
qiita_11757	30287	7009	0.5984
PRJNA722359	3470	68	6.1714
PRJDB10612	2140	117	3.3441
PRJDB9936	16683	366	1.2672
PRJEB27564	19988	266	1.1800
PRJNA589343	2801	126	9.1206
PRJEB23009	7578	849	1.7985
PRJNA451108	3901	266	2.3760
PRJNA718687	2062	69	10.3094
PRJNA547558	2710	53	4.1356
PRJDB11845	10204	102	2.7210
PRJEB38491	7719	76	2.9838
PRJEB34723	1597	161	8.1072
PRJDB5564	20401	120	1.6516
PRJEB6705	8917	480	2.6300
PRJNA726917	16443	406	1.2328
PRJEB44044	9668	501	1.2286
PRJNA451534	1149	28	5.7379
PRJNA559898	2620	63	7.0665
PRJNA607849	5902	289	3.9493
PRJNA625181	3452	166	3.9972
PRJEB20766	3009	254	2.3318
PRJNA731908	7409	44	6.3403
PRJNA612042	4856	83	4.7176
PRJNA380020	1837	86	3.1168
PRJEB40751	991	303	3.4768
PRJNA622267	7067	88	4.8622
PRJEB16057	9256	76	6.8242
PRJNA421286	7260	372	0.6395
PRJNA663722	412	63	29.6117
PRJNA684070	4644	42	6.2979
PRJNA659594	94348	55	2.8950
PRJNA603983	2857	328	2.5596
PRJEB6358	9623	531	1.7476
SRP332779	1842	83	14.9039
PRJNA687361	5535	36	6.3520
PRJNA759642	4229	57	4.5227
PRJNA451346	2765	206	2.6417
PRJNA524461	929	200	2.2928
PRJNA553646	5481	76	2.9888
PRJEB24929	9617	117	4.2560
PRJEB9150	4601	211	3.6879
PRJNA544545	1556	387	1.4258
PRJNA665123	6384	80	2.5067
PRJEB31104	2958	125	5.6087
PRJNA491825	7304	191	1.9539
PRJNA762104	2350	85	4.3785
PRJNA317370	7057	71	3.7352
PRJEB33065	529	262	6.0015
PRJNA279031	3464	50	10.2667
PRJNA528754	2807	457	1.8461
PRJEB23690	12097	497	0.9993
PRJNA427597	17723	172	1.2761
PRJEB27807	4802	341	0.8583
PRJNA678695	15236	93	1.7556
PRJNA532853	6578	67	3.9601
PRJNA472812	8834	116	1.9722
PRJNA556764	6421	263	2.6483
PRJNA525701	809	54	5.6998
PRJNA497734	9537	2195	0.7482
PRJNA675093	704	69	10.1326
PRJNA326866	9039	43	5.1210
PRJEB28088	35937	567	0.8174
PRJNA530088	2169	56	3.4339
PRJNA307992	5189	230	1.2059
PRJNA491657	23131	3105	0.3969
PRJNA715036	4563	262	3.6196
PRJNA642894	2288	325	3.6846
PRJEB23775	5076	170	4.5245
PRJEB32244	1217	117	5.8874
PRJNA493204	6417	64	3.2012
PRJEB37289	1310	62	5.5676
PRJNA399742	2157	130	6.0080
PRJNA324147	3698	90	7.3352
PRJNA701121	2020	54	8.1454
PRJEB18768	4214	201	8.8268
PRJNA353587	3439	83	2.9765
PRJEB21497	988	35	6.0411
PRJNA736821	6731	79	3.3518
PRJNA904661	2770	142	4.5881
PRJNA392012	5637	350	3.5598
PRJNA616703	1729	303	1.8521
PRJNA687360	1396	56	6.0863
PRJNA381333	10396	184	2.4102
PRJEB30327	1896	178	2.2712
PRJNA388132	3208	74	1.9584
PRJNA507734	4674	58	2.5261
PRJNA350839	2315	22	14.3511
PRJDB10485	13901	109	5.2516
PRJNA398089	6200	176	2.0362
PRJNA529323	1323	25	11.5616
PRJEB28700	6609	56	4.6411
PRJNA598280	6512	424	0.9169
PRJEB4335	1481	58	8.9839
PRJEB26012	12621	599	1.4943
PRJNA428477	1911	131	3.3538
PRJNA579560	451	96	32.7698
PRJNA529487	3141	263	5.5137
PRJEB13940	9672	847	1.7616
PRJEB33268	1408	288	5.2833
PRJNA413199	5517	454	2.7892
PRJNA324452	2017	168	3.3350
PRJNA530790	5031	440	2.3552
PRJNA290926	7155	251	2.8916
PRJEB14943	3598	92	5.3647
PRJNA400325	7045	61	4.0829
PRJEB32537	2518	60	10.5600
PRJNA604280	1911	269	3.8745
PRJEB38948	57749	3065	0.2348
PRJNA418765	9779	1502	0.8421
PRJEB34323	15032	179	1.6574
PRJNA807457	3714	40	6.7091
PRJNA422961	6227	139	3.9257
PRJNA302832	2485	34	8.8969
PRJEB26800	8880	83	2.5725
PRJNA720101	1371	101	8.0862
PRJNA308315	1574	80	8.6150
PRJNA491813	2857	115	4.6908
PRJDB11894	24247	332	0.9786
PRJNA485316	3520	876	1.6944
PRJNA394608	2092	59	9.5068
PRJNA535518	2369	100	6.6830
PRJNA414540	5156	276	2.3860
PRJNA716437	3921	98	7.6136
PRJNA631283	603	130	8.8838
PRJNA766337	11289	497	1.9143
PRJNA758252	33296	1350	0.7453
PRJNA317290	1229	78	4.4241
PRJNA683912	14473	386	1.2822
PRJEB16344	19876	571	1.0883
PRJNA434243	927	120	8.6453
PRJNA1068750	2043	88	6.5234
PRJNA298590	1297	271	4.4867
PRJNA662100	1561	71	7.1911
PRJNA832909	5246	277	2.8098
PRJNA450025	10823	311	1.5427
PRJEB31199	1865	85	9.0825
PRJNA369241	2715	54	7.0848
PRJNA932561	6484	80	5.2063
PRJDB6499	2648	178	6.8659
PRJNA639425	1191	19	11.3527
PRJNA381395	12256	117	4.2258
PRJEB59916	1768	40	8.6793
PRJNA743182	3127	29	8.4525
PRJNA1000711	5723	67	2.1445
PRJNA328987	11166	231	1.7783
PRJEB32763	4384	134	6.3334
PRJNA397396	2328	64	9.0220
PRJEB13679	3354	280	3.3365
PRJEB23239	1594	192	3.9742
PRJEB22676	4459	72	4.3956
PRJEB30401	8544	115	2.9438
PRJNA626610	2644	27	9.2649
PRJNA559143	7405	865	1.6120
PRJNA509882	1433	161	7.3151
PRJNA544527	2783	1168	3.9821
PRJEB39382	10447	258	1.9328
PRJNA481413	16092	445	1.0061
PRJNA879337	2676	21	13.4476
PRJNA493535	1552	52	8.8831
PRJNA317429	2189	82	6.7193
PRJNA685914	20520	1683	0.6463
PRJNA480547	7598	434	2.8739
PRJNA545312	47896	3690	0.1268
PRJNA240307	5234	633	1.2629
PRJNA760529	18638	168	1.5622
PRJNA311147	693	92	6.2159
PRJEB39437	3414	309	2.4203
PRJNA313074	1053	40	5.5223
PRJNA362366	1485	67	6.7511
PRJNA297510	1532	64	4.5835
PRJNA824020	6358	59	1.7290
PRJNA420339	3792	189	2.9311
PRJEB27304	2471	279	7.9178
PRJEB37877	7118	726	1.9920
PRJNA505353	1226	323	9.1298
PRJNA658988	10501	96	2.9245
PRJNA375065	6400	30	6.7583
PRJNA764337	4109	106	3.4400
PRJNA668251	1193	14	25.1227
PRJNA589488	1030	184	3.7890
PRJNA521398	13924	156	3.3521
PRJNA743980	7227	40	4.1795
PRJEB27978	1229	50	15.5736
PRJNA400445	1628	68	8.3114
PRJNA313391	24339	120	2.6022
PRJNA700829	4005	57	5.5001
PRJNA657941	22338	250	1.6630
PRJEB13895	4765	935	4.1682
PRJNA601994	63019	840	1.0925
PRJNA637490	14471	398	1.5286
PRJNA387407	3411	153	6.6741
PRJEB32880	7735	646	1.9279
PRJNA559803	907	246	3.6814
PRJNA491853	1829	317	4.0240
PRJEB37553	7708	558	1.5578
PRJEB29433	6911	3122	1.3860
PRJNA683649	2448	360	3.6259
PRJDB8027	671	73	3.3236
PRJNA328258	1670	84	6.5419
PRJEB6070	4004	90	8.9177
PRJNA663708	2023	32	11.3693
PRJNA650259	1554	74	4.4732
PRJNA648818	1852	214	3.2097
PRJNA631262	1321	82	5.2879
PRJEB32547	5729	271	8.2215
PRJEB13680	3910	279	3.0146
qiita_10532	5766	483	2.5627
PRJNA647534	5929	99	2.2769
PRJEB24161	1363	142	18.0278
PRJNA682416	3530	22	9.5957
PRJNA644464	4891	201	2.7858
PRJNA326441	7237	768	0.2841
PRJNA788301	9555	50	4.0950
PRJNA478781	1188	80	15.3441
PRJNA450340	4264	221	4.2792
PRJNA510423	10100	1778	0.8924
PRJNA388263	6151	443	4.5186
PRJEB39707	3500	394	1.6798
PRJNA605031	491	1266	2.5515
PRJNA715083	18568	376	1.1120
PRJNA734860	3143	85	6.7676
PRJNA690651	4395	50	3.9609
PRJEB21999	3178	34	9.4158
PRJEB39038	20578	89	1.7179
PRJEB32077	2828	280	2.7756
PRJEB34335	2768	90	5.9943
PRJEB36316	5275	100	11.3793
PRJNA526906	1481	435	1.0835
PRJNA532426	943	72	2.7940
PRJNA850658	14693	97	2.4988
PRJEB16321	652	71	5.5971
PRJNA590676	2912	95	3.1116
PRJNA742936	18577	168	1.7468
PRJNA644655	12820	601	4.4592
PRJNA510713	6911	93	3.1377
PRJEB69530	2133	494	8.1236
PRJNA595821	874	108	12.1896
PRJNA657818	3197	251	1.7812
PRJNA606023	7982	144	2.5381
PRJNA472768	2506	208	8.1504
PRJEB39289	13095	269	2.2597
PRJNA699380	5529	140	1.2556
PRJNA531279	1065	60	3.3599
PRJNA615114	3137	74	8.2421
PRJEB21946	664	336	3.1057
PRJNA450946	2313	238	1.8658
PRJNA741048	7179	101	2.4706
PRJEB36385	6182	198	4.0270
PRJNA614975	13116	364	0.9580
PRJEB19996	1953	148	7.0872
PRJNA527265	1687	258	2.0742
PRJNA421288	2976	197	6.5546
PRJEB15534	4907	127	4.1453
PRJNA495454	3726	360	1.1867
PRJNA565903	1692	133	4.0078
PRJNA518731	4379	130	4.1685
PRJEB19825	3360	461	2.7390
PRJNA511474	2426	74	5.6382
PRJNA631883	1480	202	5.2666
PRJNA606061	3492	70	5.6852
qiita_11404	36737	536	0.6271
PRJEB29078	17592	2910	0.4230
PRJEB5482	14915	1961	0.4247
PRJEB39420	5957	387	0.9224
PRJDB7456	2579	61	7.5477
PRJNA673102	79676	1849	0.3436
PRJNA723466	14031	201	0.7905
PRJNA486009	2487	182	4.5226
PRJNA453125	1761	234	3.5057
PRJNA451156	4384	250	1.6907
PRJNA552448	5819	117	2.4730
PRJDB9705	2192	58	2.3864
PRJNA304948	9999	323	1.2698
PRJEB99111	5898	119	3.1875
PRJNA642975	1423	54	11.1541
PRJNA644788	30064	75	1.6472
PRJNA485797	2104	179	4.3331
PRJNA612957	7092	162	2.5504
PRJNA702086	10856	104	2.4573
PRJNA657821	4776	1659	0.7203
PRJNA356414	4171	20	7.8410
PRJNA505336	4488	261	4.4229
PRJNA604466	2675	53	15.6650
PRJCA000673	3709	117	6.6510
PRJEB38457	824	53	7.3457
PRJNA399246	7391	50	3.7592
PRJNA635239	11037	414	2.0163
PRJNA475599	1422	238	5.0051
PRJNA577051	5495	500	2.9044
PRJEB11419	121414	18946	0.1172
PRJNA450690	426	192	10.4277
PRJNA559439	2746	179	3.5231
PRJNA339264	2597	714	1.7202
PRJNA623574	5221	73	3.3232
PRJNA417357	22311	1692	0.1970
PRJEB17613	3606	170	5.1719
PRJNA394877	22531	472	1.1439
PRJNA481072	8873	232	2.1078
PRJNA306884	1166	157	8.7020
PRJNA762994	48830	186	0.7540
PRJEB28671	29323	676	0.9215
PRJNA688839	1974	91	5.1594
PRJNA382861	5530	263	1.5769
PRJEB23500	8012	117	2.3294
PRJNA279828	2291	160	3.6679
PRJEB5714	1599	50	9.9362
PRJEB28687	15123	641	0.4314
PRJNA674420	13153	495	0.4077
PRJNA547806	4866	90	3.3475
PRJEB10326	1009	72	3.2141
PRJNA418115	2480	58	10.6973
PRJDB5678	2089	97	4.4687
PRJEB23261	6418	279	1.9340
PRJNA623853	11706	363	2.2497
PRJNA378749	2344	203	6.9159
PRJNA451314	2606	194	3.1575
PRJNA729439	15562	50	3.8333
PRJNA715766	29166	239	1.3510
qiita_11884	8395	1098	1.0017
PRJNA606654	15601	737	0.6036
PRJNA445640	3320	144	5.2769
PRJNA495436	2690	25	5.2922
PRJNA493625	3770	68	3.8142
PRJNA428736	3528	1201	2.2289
PRJNA679275	1203	19	10.6619
PRJNA517050	2821	52	12.5958
PRJEB3079	5773	529	5.3303
PRJNA516932	5940	802	2.4404
PRJNA430990	12388	282	1.3222
PRJEB26710	2315	66	13.6390
PRJNA689547	2290	52	3.6412
PRJEB35769	7718	349	2.1960
PRJNA355023	2952	34	7.5871
PRJNA496539	4390	255	1.7416
PRJNA474717	792	60	9.5286
PRJNA574565	11642	126	1.4649
PRJEB17608	5550	169	1.4065
PRJNA524816	1049	13	26.7214
PRJEB43667	8065	422	2.4997
PRJNA978958	7952	29	5.0337
PRJNA528813	1731	324	5.3758
PRJNA736070	1796	74	2.5169
PRJNA695309	5161	100	3.9053
PRJNA480711	5077	243	3.6254
PRJEB9365	2744	229	5.3412
PRJNA615250	623	54	5.1572
PRJEB42687	1509	78	9.7687
PRJNA719138	1175	37	11.3191
PRJNA564612	3975	109	4.8401
PRJNA750230	3321	88	3.9323
PRJNA645223	2092	320	1.6321
PRJNA554232	1701	717	2.5324
PRJNA548177	18204	110	1.0550
PRJNA600229	6357	222	2.7183
PRJNA451320	2771	116	3.0305
PRJEB30072	2651	290	3.5699
PRJNA646010	10951	39	4.5475
PRJNA431746	9154	240	1.7451
PRJEB10296	1948	27	10.6700
PRJNA645635	3376	103	2.4217
PRJNA325931	2167	112	5.3749
PRJNA395034	9183	142	1.7671
PRJNA353336	6088	1108	0.5190
PRJNA450540	2851	256	3.4146
PRJNA539858	1761	16	10.3492
PRJNA284162	1268	48	6.4077
PRJEB38909	339799	839	0.1624
PRJNA362482	3157	58	2.4827
PRJNA430914	648	51	8.1245
PRJNA388210	1793	78	6.8736
PRJNA422134	15685	458	1.7013
PRJNA644097	1509	131	1.0350
PRJEB31775	6688	210	8.4027
PRJDB6804	2942	231	4.1695
PRJEB11425	3169	147	2.2853
PRJNA693579	10085	618	1.1441
PRJEB17860	1929	97	7.4944
PRJEB31439	3752	32	10.0063
PRJNA350277	9813	652	0.9166
PRJNA648321	6581	422	2.7597
PRJNA453840	2520	284	12.1036
PRJNA630282	10000	162	2.3042
PRJNA544721	13153	128	3.5669
PRJNA609319	3925	404	1.8724
PRJNA391974	2554	217	3.4580
PRJNA819279	1611	41	11.7258
PRJNA380944	10468	109	1.7862
PRJNA345390	2290	342	7.3949
PRJEB31840	13065	107	2.4468
PRJEB20773	1503	280	3.1794
PRJNA575562	2736	119	6.7976
PRJNA578223	6951	93	1.8545
PRJNA362944	4615	209	9.5765
PRJNA540406	847	56	11.6019
PRJDB7891	10610	1067	0.8158
PRJNA386260	2371	211	4.3795
PRJNA861246	6590	89	5.6231
PRJEB25784	5620	76	4.4442
PRJNA445314	12456	67	3.1763
PRJNA527914	1021	20	34.0842
PRJEB30836	4862	139	5.8742
PRJNA565173	3561	30	6.0713
PRJNA368739	41456	531	0.5633
PRJNA495320	1758	184	2.9635
PRJEB21504	4913	134	3.4338
PRJNA520899	19562	154	1.7928
PRJNA646021	5293	92	4.5119
PRJNA575620	3825	65	4.5868
PRJNA556249	2771	248	2.9570
PRJNA684584	1627	103	4.7302
PRJNA735699	979	85	7.3040
PRJNA422193	5142	422	3.2692
PRJNA416445	2101	80	6.2197
PRJNA706065	3146	64	6.7094
PRJNA437504	2554	407	1.4911
PRJNA720325	3434	176	4.3813
PRJNA296814	2014	158	3.2918
PRJEB48670	8523	113	3.0823
PRJNA531564	6012	59	2.5131
PRJEB27868	18146	541	0.9407
qiita_10928	2155	135	7.0822
PRJEB32249	1691	39	9.1556
PRJNA385551	7445	1352	2.4346
PRJNA503710	18731	235	1.3688
PRJNA517509	4034	280	4.1546
PRJNA400332	1408	50	11.2372
PRJNA596889	944	202	14.5725
PRJEB32411	71418	120	1.0346
PRJNA349463	856	80	8.5908
PRJNA419373	4947	100	4.3964
PRJEB35687	11771	75	3.8160
PRJNA559052	5611	172	4.7569
PRJNA622517	1302	78	4.6930
PRJNA753264	4395	52	5.2022
PRJNA682076	23659	661	0.8729
PRJNA356372	7520	325	1.2221
PRJNA449103	18588	406	1.0470
PRJNA725388	2631	90	5.3169
PRJNA743361	6991	267	1.8399
PRJEB26004	4258	144	6.5534
PRJEB27010	2872	124	4.2336
PRJNA639644	13172	227	1.3104
PRJNA517572	5949	558	0.6995
PRJNA541332	21969	430	1.4164
PRJNA451432	3404	222	2.2094
PRJNA323603	848	203	2.7076
PRJEB27068	23644	3546	0.4285
PRJNA408085	1590	36	12.2292
PRJNA727842	3988	112	2.6750
PRJDB4360	2768	89	3.3497
PRJEB28159	23531	928	0.3224
PRJEB17610	2038	170	2.7986
PRJEB15481	3015	272	5.0941
PRJNA680445	1221	64	4.6389
PRJNA561398	781	89	5.0166
PRJEB30292	5431	136	4.2836
PRJNA431126	14189	316	1.6188
PRJEB14529	4889	924	1.2683
PRJDB10527	9030	91	2.8682
PRJNA382889	2730	147	4.7494
PRJNA589036	4296	166	5.5026
PRJNA715072	1207	521	1.7691
PRJNA604825	3027	50	3.0651
PRJNA750272	3117	90	5.0394
PRJEB22786	2394	191	7.4556
PRJEB42155	3469	213	3.1497
PRJNA396815	12545	1995	1.4639
PRJNA275256	900	60	4.7981
PRJEB36860	1770	259	3.7672
PRJNA627982	1342	61	5.5484
PRJNA704289	1754	102	5.0434
PRJNA324825	2016	158	5.1603
PRJEB23313	609	38	5.3669
PRJNA241153	1857	108	5.7007
PRJNA342347	996	85	2.0612
PRJNA726866	13650	342	1.2498
PRJEB3360	1155	166	8.8692
PRJNA686801	27056	571	0.7865
PRJEB23120	2068	130	3.3990
qiita_11484	3154	97	4.9441
PRJNA481243	10284	1147	0.6033
PRJEB38765	6987	236	2.9882
PRJNA591924	1511	90	7.2902
PRJNA727279	14730	1197	1.6769
PRJEB36789	4544	153	7.3312
PRJNA328016	2126	66	1.9492
PRJNA323360	1829	79	7.7479
PRJEB15633	438	83	5.8480
PRJNA516251	1922	54	6.5846
PRJNA533720	2874	59	6.2277
PRJNA342173	4768	142	3.1244
PRJNA528344	2286	459	1.8122
PRJNA382644	2058	26	17.4236
PRJNA643297	3116	106	4.8072
PRJNA412411	2332	279	5.8548
PRJNA531921	1207	81	5.9243
PRJNA576564	24345	207	1.2795
PRJNA589723	11299	255	1.9554
PRJNA489137	6792	120	1.0656
PRJNA761978	6449	466	1.3315
PRJNA349809	1325	105	5.1141
PRJEB18947	10610	919	2.2891
PRJNA728515	25174	100	1.6811
PRJEB31354	4635	116	5.2226
PRJNA724686	14096	100	1.2595
PRJNA593062	2200	363	3.6660
PRJEB27517	18937	760	1.0786
PRJNA668831	4844	97	1.6330
PRJNA708262	1584	260	6.5290
PRJEB22977	13403	84	3.0959
PRJNA904946	2229	103	5.7603
PRJNA414072	30101	1816	0.3631
PRJEB40733	17520	168	2.6874
PRJNA606913	2913	99	4.2842
PRJNA421371	6526	80	5.2954
PRJEB39436	1984	129	2.3178
PRJNA609050	2018	72	10.0319
PRJNA631001	2548	400	3.2795
PRJNA685746	31509	3481	0.6923
PRJNA562529	4237	225	2.0207
PRJNA390475	7281	51	4.6842
PRJNA633160	3705	536	4.0299
PRJDB5316	2965	243	1.7813
PRJNA607574	25362	3524	0.4986
PRJEB32930	43950	898	0.2930
PRJEB14084	3521	110	3.1760
PRJNA510835	4073	210	5.1842
PRJEB28350	3135	195	4.0527
qiita_12382	6336	131	5.1026
PRJNA579491	3156	95	3.3387
PRJNA451398	4073	203	2.4092
PRJNA709129	2951	168	3.4647
PRJNA418903	2804	76	6.4433
PRJEB28609	1787	20	13.5311
PRJEB6702	8078	525	3.1750
PRJEB30495	3610	60	6.2114
PRJEB21318	6081	161	6.0399
PRJNA237362	9656	1379	0.9892
PRJNA1103839	4455	61	5.2937
PRJEB18471	6498	672	3.4646
PRJNA729511	12566	3941	0.5839
PRJNA610934	2679	51	8.3445
PRJNA498128	5394	428	5.8688
PRJNA432222	668	76	1.5167
PRJDB9239	3864	120	4.7052
PRJEB27306	1310	57	10.2933
PRJEB25715	3790	57	5.2275
PRJNA533120	2128	82	6.8317
PRJDB10528	7441	320	1.8485
PRJEB44113	5592	116	2.9158
PRJNA659589	12781	237	1.6564
PRJNA573829	6805	122	2.9173
PRJNA706153	2999	87	1.8907
PRJEB40569	8957	267	2.4157
PRJNA678221	6784	802	3.0824
PRJNA369083	1649	85	10.8843
PRJEB35994	5025	114	4.2564
PRJEB44169	4160	91	4.7163
PRJNA487119	6877	92	1.6243
PRJNA307231	9694	344	1.3310
PRJNA588353	5205	48	5.4687
PRJNA630848	467	50	6.7109
PRJNA317493	684	112	7.5567
PRJNA558158	3983	97	5.1236
PRJEB39037	4598	46	5.5676
PRJEB48095	2813	123	5.3376
PRJEB30521	8002	125	2.2557
PRJNA383300	2067	94	7.2924
PRJNA529598	5097	483	2.3603
PRJNA880407	5852	94	3.1280
PRJDB9469	4263	1070	1.1134
PRJNA603512	4724	439	2.5137
PRJNA644496	15858	186	0.7997
PRJNA434133	10689	278	2.3225
PRJEB40600	14358	116	4.8472
PRJNA516701	2434	169	3.0310
